00
00
00
00
04
00
00
00
00
00
00
A4
00
00
00
00
33
00
00
00
00
00
00
00
00
00
55
00
00
00
00
00
00
00
00
78
00
00
00
00
00
00
00
00
77
00
00
00
00
00
00
00
00
55
00
00
44
00
00
00
00
00
00
00
00
00
00
00
00
00
00
00
00
00
00
00
00
AA
00
00
00
00
00
00
00
00
00
00
00
AA
00
00
00
00
00
00
00
00
00
00
00
00
00
00
00
00
00
00
00
00
BB
00
00
00
00
00
00
29
00
00
00
00
00
00
34
00
00
00
00
00
00
00
10
00
00
00
00
00
00
00
00
00
00
00
00
00
00
00
00
DD
00
00
00
00
00
00
00
00
D4
00
00
00
00
00
00
00
00
00
00
00
FF
00
00
00
00
00
00
00
00
00
00
00
00
00
00
00
00
00
00
00
00
00
00
00
00
00
00
00
00
00
00
00
00
00
00
00
00
00
00
00
00
00
00
00
00
00
00
00
00
00
00
00
00
00
00
00
00
00
00
00
00
00
00
00
00
00
00
00
00
00
00
00
00
00
00
00
00
00
00
00
00
00
00
00
00
00